1.624345363663241670e+00
-6.117564136500753813e-01
-5.281717522634556961e-01
-1.072968622156170504e+00
8.654076293246785179e-01
-2.301538696880282675e+00
1.744811764216479988e+00
-7.612069008951027893e-01
3.190390960570985701e-01
-2.493703754774100889e-01
1.462107937044974104e+00
-2.060140709497654044e+00
-3.224172040135074857e-01
-3.840543546684156428e-01
1.133769442335437416e+00
-1.099891267314030863e+00
-1.724282075504357525e-01
-8.778584179213717587e-01
4.221374671559283143e-02
5.828152137158222335e-01
-1.100619177212921240e+00
1.144723709839614134e+00
9.015907205927955470e-01
5.024943389018682316e-01
9.008559492644118150e-01
-6.837278591743330969e-01
-1.228902255186481718e-01
-9.357694342590687775e-01
-2.678880796260159070e-01
5.303554667381860099e-01
-6.916607517253090531e-01
-3.967535268559773676e-01
-6.871727001195994111e-01
-8.452056414987195732e-01
-6.712461308368190549e-01
-1.266459891890136039e-02
-1.117310348635277784e+00
2.344156978170921501e-01
1.659802177109870547e+00
7.420441605773355764e-01
-1.918355523616149250e-01
-8.876289640848362694e-01
-7.471582937508376432e-01
1.692454601027746586e+00
5.080775477602896689e-02
-6.369956465693533687e-01
1.909154846674660233e-01
2.100255136478842211e+00
1.201589524816291527e-01
6.172031097074192063e-01
3.001703199558274915e-01
-3.522498464935186480e-01
-1.142518198022140163e+00
-3.493427224128775044e-01
-2.088942333747781099e-01
5.866231911821976341e-01
8.389834138745049241e-01
9.311020813035573163e-01
2.855873252542587837e-01
8.851411642707280869e-01
-7.543979409966528049e-01
1.252868155233287872e+00
5.129298204180088305e-01
-2.980928351027156697e-01
4.885181465374970333e-01
-7.557171302105572530e-02
1.131629387451426938e+00
1.519816816422198791e+00
2.185575406533161402e+00
-1.396496335488137674e+00
-1.444113805429589448e+00
-5.044658629464512378e-01
1.600370694478304712e-01
8.761689211162249080e-01
3.156349472416052349e-01
-2.022201215824003029e+00
-3.062040126283718244e-01
8.279746426072461807e-01
2.300947353643834070e-01
7.620111803120247496e-01
1.277671857389640842e+00
1.299241931070002520e+00
1.686561390988284392e+00
1.910051647208256265e+00
1.698299720126769774e+00
1.619008645807458846e+00
8.293377137109694264e-01
1.877563786320919359e+00
1.621821270991437025e+00
2.629483907911919438e+00
2.698917879901507000e+00
1.685156417483943958e+00
1.124715049909885689e+00
8.612695925457776180e-01
1.923494354064112954e+00
1.577340068348559443e+00
1.156146324428924288e+00
1.543596856834246855e+00
8.799991560518707345e-01
2.198032034072218810e+00
1.052871435214001838e+00
2.724507704805498864e+00
1.903491641790799882e+00
2.093578523237066946e+00
4.050881542589581663e-01
1.669382433058668180e+00
2.240556451096274770e+00
5.462993981920654107e-01
1.233781493996378043e+00
1.532614546693358504e+00
1.268826797532442985e-01
1.815159392042291708e+00
2.346160647585033399e+00
6.404840591680136530e-01
1.850545978664107416e+00
1.877165887625682483e-01
1.461304490733948969e+00
-1.157723547032947220e-01
2.621417708235664001e+00
1.908900537936827790e+00
1.475383044124221721e+00
7.248383808308404008e-01
2.773755930158776639e+00
3.467101749254734688e+00
-3.579818644467520627e-01
2.736164030452820306e+00
3.127650753148906393e+00
1.838011696574475717e+00
3.007319676648139151e-01
2.363345317544021551e+00
1.319079697921849537e+00
8.960793722067427192e-01
2.699418643330382395e-01
2.050537495976215485e+00
2.292806865919347459e+00
8.764692703202083823e-01
2.020576337073370699e+00
3.556586103768573093e-01
2.301861031871344832e+00
1.546567298424145642e+00
1.313430228092651308e+00
1.398254127470854868e+00
2.368886157005867688e+00
2.250411639865008251e+00
2.029465324352709210e+00
1.637701209997385998e+00
1.577821127912705901e+00
2.118380261998524361e+00
1.732494559178737958e+00
2.182551406864485344e+00
1.189883226481939893e+00
-9.348377641071388133e-01
2.538824601859413832e+00
3.686979646974257729e+00
1.941364443568581954e+00
1.399844766716500155e+00
1.363555256103966995e+00
1.380945812225190084e+00
1.517409408300004703e+00
3.779812712531116503e-01
9.829055420797720988e-01
5.029731723497370410e-01
1.748799161387770473e+00
1.203358847629137252e+00
1.995211323977960305e+00
1.325296840257498943e+00
2.486335187821242076e+00
1.713533901335441811e+00
3.690699728969733417e+00
-3.963609228910924820e-01
8.530833117450919989e-01
2.401486891648711097e+00
4.028325706806398010e+00
1.251365222284539946e+00
1.543668993178389126e+00
1.273685757486394898e+00
2.831457112587592029e+00
1.212692136523981112e+00
2.180069839878104432e+00
1.180198401101328898e+00
2.274412447540057336e-01
1.813547720463432267e+00
2.003184813435326284e+00
2.793225882532262005e+00
1.389552973582683704e+00
8.826379362876390910e-01
2.062761096619026180e+00
1.740737092237732320e+00
1.780665077122639106e+00
1.426887296252722148e+00
2.660338569993769831e+00
1.869492716375723784e+00
3.404658708340980944e+00
2.611056698560504596e+00
2.159049796100210195e+00
-1.274383406162573618e-01
2.102319280295628978e+00
1.920282203647059482e+00
2.310951672803555734e+00
2.544442094707259017e+00
