-1.574622147368013092e+00
-8.634796523086442077e-01
2.423233361866714120e+00
1.233224874497662826e+00
-8.288768538994056856e-02
-3.729326481474707911e-01
5.999303056911269305e-01
1.476804191940971622e-01
3.226278538737368251e-01
4.495517582544866775e-01
9.994703756419791585e-01
1.054506210074749317e+00
1.596781741425608026e+00
9.418316725783536514e-01
-1.265014763514183072e+00
5.460612588008229018e-02
1.952786845412820105e+00
8.461884838621362703e-03
-1.534347969863761652e+00
6.531196553883513722e-01
-2.185470665021616465e+00
1.840151032132174846e-01
-7.357086056486165093e-01
-1.836632898472706943e+00
1.225808648963710112e+00
2.127068773624109510e-01
1.205742656768016063e+00
2.142138360269203040e-02
2.873684025160635702e+00
6.025315402164940076e-02
-2.568213598236475104e-01
-9.994845204779827519e-01
-2.901514132999383211e-01
8.537425020809936982e-02
4.901306391712042521e-01
-6.614388354107113566e-01
-4.598783639279905855e-01
-1.010986734538235732e+00
-5.268841835982374100e-01
-6.711374233752630536e-01
-2.109512584399747814e-01
1.202847026538317099e+00
-2.357817840325797942e-01
-1.634008222528632592e-01
1.304763881570675244e+00
1.365140010995552489e+00
1.988849764541180454e+00
-1.388978513869023601e+00
7.537485110612246464e-01
3.686951449277737769e-01
1.990292338771857961e-01
-5.028797324393801116e-01
-2.398011231441972146e-01
1.623909573085812630e+00
1.446814262072555035e+00
1.293412810963864068e+00
1.330101080595908813e+00
8.559198214291250384e-01
5.355383843140251177e-01
-1.357862598800739229e-01
-4.342180034490765173e-01
9.020457304190070136e-02
-9.753076874711265054e-01
1.112195678252476672e+00
2.200366554365381089e-01
7.762660891763489834e-01
7.097665422035696059e-01
-9.605449505399784593e-01
-2.634526827162886331e+00
1.295641702653044514e-01
7.713050732082151750e-01
-5.664934701207835488e-01
2.777602810379165010e-01
2.515911008225222845e-01
-1.329401547553291429e+00
-5.156195186588439228e-01
2.830241308097063424e+00
2.634040164311350907e+00
2.101716572549354733e+00
1.169884721249957238e+00
1.034049175343882521e+00
3.262751360460770300e+00
5.900524305099954514e-01
3.056033173657183521e+00
3.317548579003775089e-01
7.990211001895100029e-01
2.319388354639534633e+00
-5.819554367643808845e-02
1.771934710413880953e+00
9.759914972783954035e-01
1.476830532734543233e+00
-1.051818040329748349e-01
1.606141019107218959e+00
1.777724266800873254e+00
1.189007455787041811e+00
2.371713694473431389e+00
3.586819421253697016e+00
5.839993031893170317e-01
2.935865731724576655e+00
1.158694870159090673e+00
3.361127022627998784e+00
2.104833332205034324e+00
1.611349792259584746e+00
2.887158821347826976e+00
1.396573871554399826e+00
-1.305026036136021084e-01
8.054022326135712451e-01
1.258992231930119443e+00
2.034060702696811607e-01
1.422525022894283175e-02
7.801597058095937065e-01
1.475433035322281317e+00
1.548493852491124922e+00
2.741948261928314423e+00
1.124112216656131702e+00
3.296423982144701892e+00
2.111307214090774487e+00
2.913907963419439806e+00
1.533171735810968439e+00
2.527205334653579438e-01
1.844891424640354494e+00
1.473182558911804385e+00
1.958342612011050976e+00
2.017625076887560098e+00
5.949300671779552685e-01
1.425844995209295751e+00
1.858709912716466794e+00
5.535454181972495613e-01
-3.508436504401937217e-01
2.454172043545682413e+00
2.083572716943185910e+00
1.588181430209687051e+00
1.277891662656472249e+00
9.841934170762771661e-01
1.361502930451865545e+00
1.651749209209201652e+00
1.938540077459800504e+00
1.745123797202056348e+00
1.117229638608668640e+00
2.162988151447784890e+00
2.773654361526673995e-01
2.180705524439249032e+00
-1.364492496789906362e-01
1.653982198067306841e+00
3.761187714078555011e+00
3.361067388028440295e-01
2.517762303646733368e+00
1.645372902305216378e+00
2.096324813277835819e+00
8.928291677793914749e-01
1.299113298988442855e+00
1.075505766457603318e+00
-2.843640634808459744e-01
1.062338937387876658e+00
2.626842742990209700e+00
1.198988497996872127e+00
6.745092247879558300e-02
2.106690447529520060e+00
-2.358126078566424866e-02
3.114405758932922375e+00
1.633897094453600651e+00
8.898614340973887149e-01
1.699979028714765139e+00
1.750421499671909853e+00
3.545813116902083006e+00
1.101568135948397309e+00
1.661863120647856462e+00
3.017084839829828891e+00
7.070022030488873899e-01
1.262430900169949410e+00
2.073242456888370722e+00
5.240712959390032566e-01
1.719296113576311624e+00
2.718663133493068873e+00
1.125546984319218513e+00
